#   1 NUMBER          Running object number
#   2 X_IMAGE         Object position along x                         [pixel]
#   3 Y_IMAGE         Object position along y                         [pixel]
#   4 ALPHA_SKY       Right ascension of barycenter (native)          [deg]
#   5 DELTA_SKY       Declination of barycenter (native)              [deg]
#   6 FLUX_ISO        Isophotal flux                                  [count]
#   7 FLUXERR_ISO     RMS error for isophotal flux                    [count]
#   8 MAG_ISO         Isophotal magnitude                             [mag]
#   9 MAGERR_ISO      RMS error for isophotal magnitude               [mag]
#  10 FLUX_RADIUS     Fraction-of-light radii                         [pixel]
#  11 BACKGROUND      Background at centroid position                 [count]
#  12 THETA_IMAGE     Position angle (CCW/x)                          [deg]
#  13 ELONGATION      A_IMAGE/B_IMAGE
#  14 ISO0            Isophotal area at level 0                       [pixel**2]
#  15 A_IMAGE         Profile RMS along major axis                    [pixel]
#  16 FLAGS           Extraction flags
#  17 CLASS_STAR      S/G classifier output
#  18 MAG_AUTO        Kron-like elliptical aperture magnitude         [mag]
#  19 MAGERR_AUTO     RMS error for AUTO magnitude                    [mag]
         1    352.205      7.672   0.0000000  +0.0000000     6.640386     1.302894  23.2005   0.2131      1.553     2.878092  -9.1    1.118       15     1.185  16  0.67  23.0050   0.2092
         2    102.120    391.131   0.0000000  +0.0000000     2.503512    0.8061856  24.2596   0.3497      1.550     2.876579 -45.3    1.234        7     0.835  16  0.50  23.6053   0.2956
         3      2.296    389.543   0.0000000  +0.0000000     5.912503     1.220044  23.3266   0.2241      1.537     2.878068  49.9    1.128       12     1.067  24  0.64  22.9834   0.1976
         4    206.419    368.437   0.0000000  +0.0000000     163.6263     6.110698  19.7214   0.0406      1.702      2.87267 -73.5    1.037       83     1.820   0  0.98  19.7045   0.0404
         5     15.491    371.939   0.0000000  +0.0000000     2.069971     0.728058  24.4661   0.3820      1.295     2.877748 -89.9    1.573        5     0.786   0  0.50  23.8811   0.3170
         6    133.358    336.397   0.0000000  +0.0000000     12.93867     1.808599  22.4763   0.1518      2.575     2.875101 -24.4    1.093       27     1.532   0  0.52  21.9848   0.1424
         7    266.528    333.517   0.0000000  +0.0000000     5.959438     1.228998  23.3180   0.2240      1.778     2.871916 -43.7    1.036       15     1.063   0  0.72  22.9144   0.2163
         8     77.117    332.602   0.0000000  +0.0000000     5.231671     1.166856  23.4594   0.2422      1.933     2.876358  18.9    1.233       14     1.197   0  0.57  22.9697   0.2221
         9    315.916    319.221   0.0000000  +0.0000000     694.0667     12.48849  18.1525   0.0195      1.671     2.872058 -60.2    1.040      174     2.048   0  0.98  18.1644   0.0196
        10    200.909    318.969   0.0000000  +0.0000000     7.046999     1.341295  23.1360   0.2067      1.601     2.872993  73.3    1.093       16     1.190   0  0.62  22.8913   0.2046
        11    102.712    315.137   0.0000000  +0.0000000     220.7645     7.084137  19.3962   0.0348      1.677     2.875745 -67.9    1.054       97     1.887   0  0.98  19.3843   0.0347
        12     43.637    305.628   0.0000000  +0.0000000     6.906209     1.338679  23.1579   0.2105      2.895     2.876233  20.4    1.800       19     1.699   0  0.19  22.4191   0.1705
        13    298.084    304.645   0.0000000  +0.0000000      14.8425     1.905912  22.3272   0.1395      1.597     2.872214 -62.0    1.062       21     1.346   0  0.96  22.1912   0.1395
        14    156.861    303.994   0.0000000  +0.0000000     8.050214     1.450834  22.9915   0.1957      2.960     2.874441 -77.7    1.269       24     1.539   0  0.29  22.3027   0.1668
        15     72.344    283.233   0.0000000  +0.0000000     7.287583     1.356695  23.0995   0.2022      1.384     2.875623  73.4    1.053       15     1.137   0  0.65  22.9817   0.2190
        16    339.317    272.504   0.0000000  +0.0000000     17.59011     2.150049  22.1428   0.1327      4.783     2.872268 -72.9    3.194       41     3.522   0  0.01  21.5292   0.1228
        17    203.015    259.145   0.0000000  +0.0000000     98.88017     4.808701  20.2682   0.0528      2.069     2.872947 -42.1    1.521       91     2.557   0  0.98  20.2058   0.0524
        18    172.667    244.069   0.0000000  +0.0000000     18.08008     2.158687  22.1130   0.1297      4.208      2.87393 -60.2    1.434       43     2.239   0  0.24  21.4292   0.1117
        19    372.207    231.148   0.0000000  +0.0000000     3.313755     0.930048  23.9552   0.3048      1.700     2.872109 -47.2    1.048        9     0.911   0  0.50  23.3128   0.2515
        20     61.788    228.818   0.0000000  +0.0000000     4.718083     1.100858  23.5716   0.2534      1.544     2.874777 -78.5    1.115       13     1.057   0  0.62  23.2668   0.2379
        21    124.156    220.957   0.0000000  +0.0000000      8.75157     1.503407  22.9008   0.1866      2.588     2.874462 -72.7    1.280       21     1.511   0  0.73  22.3072   0.1655
        22    198.743    198.164   0.0000000  +0.0000000     454.3644     10.54628  18.6125   0.0252      9.994     2.874707 -83.6    1.729      778     8.867   0  0.02  18.4148   0.0247
        23     35.185    213.699   0.0000000  +0.0000000     6.219533     1.280572  23.2716   0.2236      3.453     2.874821  61.6    1.427       17     1.479   0  0.48  22.2839   0.1708
        24    134.014    196.581   0.0000000  +0.0000000     22.90815     2.348266  21.8560   0.1113      1.617     2.875135 -58.7    1.099       32     1.485   0  0.97  21.7788   0.1119
        25    129.604    173.934   0.0000000  +0.0000000     248.4129     7.518111  19.2681   0.0329      1.693     2.875604 -67.9    1.039      116     1.947   0  0.99  19.2655   0.0329
        26     86.995    158.776   0.0000000  +0.0000000     3172.644     26.59272  16.5024   0.0091      1.680     2.874462 -64.1    1.058      361     2.281   0  0.99  16.5267   0.0092
        27      3.616    166.068   0.0000000  +0.0000000     3.254454    0.9230103  23.9748   0.3080      1.663     2.874125 -15.7    1.346        9     1.019  16  0.56  23.4486   0.2619
        28    115.321    150.586   0.0000000  +0.0000000      60.5069     3.823109  20.8015   0.0686      2.999     2.875597 -18.9    1.108       85     2.327   3  0.48  20.5446   0.0657
        29    125.354    147.737   0.0000000  +0.0000000     24.62546     2.500634  21.7775   0.1103      3.853     2.876067  37.7    1.375       54     2.376   3  0.04  21.2389   0.1001
        30      3.669    148.461   0.0000000  +0.0000000     52.71807     3.602081  20.9511   0.0742      3.779     2.875409  79.5    1.763      101     3.431  24  0.01  20.7487   0.0718
        31    348.987    145.693   0.0000000  +0.0000000      239.514     7.373656  19.3077   0.0334      1.660     2.872286 -60.6    1.038       99     1.878   0  0.99  19.2994   0.0334
        32     47.586    124.524   0.0000000  +0.0000000     36.19991     2.936843  21.3592   0.0881      1.731     2.877105 -49.9    1.025       41     1.593   0  0.99  21.2793   0.0869
        33    127.806    120.373   0.0000000  +0.0000000     4.150407     1.030734  23.7108   0.2697      1.804     2.876933 -57.5    1.279       12     1.031   0  0.55  23.1036   0.2483
        34    356.510    112.482   0.0000000  +0.0000000     1.808632    0.6870648  24.6126   0.4126      1.929     2.872043  18.7    2.399        5     0.983   0  0.52  23.5081   0.3045
        35    110.261    105.294   0.0000000  +0.0000000     66.36584     3.925837  20.7011   0.0642      1.639     2.877332 -55.4    1.076       49     1.681   0  0.98  20.6522   0.0637
        36    375.007    103.223   0.0000000  +0.0000000     5.036977     1.158448  23.5006   0.2498      3.024     2.871922   4.5    1.129       19     1.237   0  0.20  22.5067   0.1947
        37     45.399     73.505   0.0000000  +0.0000000     476.8177     10.37253  18.5601   0.0236      1.734     2.879471 -47.1    1.062      148     2.049   0  0.98  18.5673   0.0237
        38    168.844     77.527   0.0000000  +0.0000000     3.677992    0.9847791  23.8420   0.2908      1.910     2.877439 -75.7    1.184        9     1.044   0  0.51  23.1831   0.2657
        39     93.322     72.837   0.0000000  +0.0000000     2.952964    0.8726179  24.0804   0.3209      1.644     2.877914  20.7    1.329        9     0.909   0  0.48  23.4034   0.2940
        40    177.911     60.608   0.0000000  +0.0000000     15.65594     1.964967  22.2693   0.1363      1.928     2.877574 -15.4    1.145       28     1.505   3  0.95  22.0279   0.1331
        41    182.544     55.218   0.0000000  +0.0000000     36.50397     2.950342  21.3502   0.0878      1.675     2.877648 -53.9    1.154       39     1.710   3  0.98  21.2886   0.0876
        42    347.156     28.175   0.0000000  +0.0000000     1.647786    0.6607324  24.7137   0.4355      2.502     2.876861  44.8    1.343        5     0.766   0  0.48  23.2307   0.2643
        43    280.673     17.069   0.0000000  +0.0000000     2.798308    0.8667259  24.1388   0.3364      2.232     2.879544 -15.8    1.397        9     1.046   0  0.49  23.1451   0.2557
