#   1 NUMBER          Running object number
#   2 X_IMAGE         Object position along x                         [pixel]
#   3 Y_IMAGE         Object position along y                         [pixel]
#   4 ALPHA_SKY       Right ascension of barycenter (native)          [deg]
#   5 DELTA_SKY       Declination of barycenter (native)              [deg]
#   6 FLUX_ISO        Isophotal flux                                  [count]
#   7 FLUXERR_ISO     RMS error for isophotal flux                    [count]
#   8 MAG_ISO         Isophotal magnitude                             [mag]
#   9 MAGERR_ISO      RMS error for isophotal magnitude               [mag]
#  10 FLUX_RADIUS     Fraction-of-light radii                         [pixel]
#  11 BACKGROUND      Background at centroid position                 [count]
#  12 THETA_IMAGE     Position angle (CCW/x)                          [deg]
#  13 ELONGATION      A_IMAGE/B_IMAGE
#  14 ISO0            Isophotal area at level 0                       [pixel**2]
#  15 A_IMAGE         Profile RMS along major axis                    [pixel]
#  16 FLAGS           Extraction flags
#  17 CLASS_STAR      S/G classifier output
#  18 MAG_AUTO        Kron-like elliptical aperture magnitude         [mag]
#  19 MAGERR_AUTO     RMS error for AUTO magnitude                    [mag]
         1    156.399    155.916   0.0000000  +0.0000000     347.8973     9.131098  18.9024   0.0285      8.072     2.864936 -78.4    3.589      470     9.803   0  0.02  18.8211   0.0286
         2     15.718      3.656   0.0000000  +0.0000000      31.9108      2.75984  21.4962   0.0939      1.734     2.884813 -48.7    1.012       39     1.549  24  0.98  21.4656   0.0947
         3    295.822    197.728   0.0000000  +0.0000000     1396.795     17.69187  17.3932   0.0138      1.890     2.888078 -52.9    1.113      270     2.453  16  0.99  17.4125   0.0139
         4    305.271    298.175   0.0000000  +0.0000000     53.45888     3.662396  20.9360   0.0744      5.937     2.918636 -46.0    4.410      108     6.615  27  0.01  20.6602   0.0685
         5    306.642    269.584   0.0000000  +0.0000000     363.0117      9.58515  18.8562   0.0287     22.958     2.910194  83.8    4.551      829    22.127  27  0.00  18.3602   0.0250
         6    291.282    250.088   0.0000000  +0.0000000       1168.6     16.23631  17.5868   0.0151      1.947     2.896813 -83.6    1.145      362     2.790   3  0.98  17.6193   0.0153
         7     25.290    214.792   0.0000000  +0.0000000      5.98343      1.26386  23.3136   0.2294      4.920     2.852053  76.7    1.172       19     1.395   0  0.09  21.9007   0.1465
         8    292.051    160.061   0.0000000  +0.0000000     158.5698     6.023701  19.7554   0.0413      1.844     2.883299  88.8    1.092       84     1.953   0  0.98  19.7341   0.0411
         9     70.692    151.217   0.0000000  +0.0000000     6.606926     1.304026  23.2060   0.2143      1.939     2.859473 -71.7    1.162       17     1.241   0  0.59  22.7389   0.1968
        10     93.607    111.106   0.0000000  +0.0000000     4.830962     1.117206  23.5459   0.2511      1.989     2.864135 -69.5    1.146       13     1.084   0  0.64  22.9298   0.2312
        11      6.998    169.936   0.0000000  +0.0000000     6.539524      1.30273  23.2171   0.2163      2.297     2.855706 -26.9    1.005       16     1.177  16  0.81  22.6086   0.1956
        12    106.861     71.496   0.0000000  +0.0000000     3100.465     26.29036  16.5274   0.0092      1.868     2.870832 -82.0    1.085      358     2.393   0  0.99  16.5492   0.0093
        13    295.229     72.227   0.0000000  +0.0000000     6.479096     1.279892  23.2272   0.2145      1.618     2.882102 -41.1    1.020       16     1.087   0  0.67  23.0171   0.2074
        14     34.253     40.409   0.0000000  +0.0000000        13.51     1.830398  22.4294   0.1471      1.764     2.879983 -86.1    1.104       25     1.408   0  0.95  22.2322   0.1410
