#   1 NUMBER          Running object number
#   2 X_IMAGE         Object position along x                         [pixel]
#   3 Y_IMAGE         Object position along y                         [pixel]
#   4 ALPHA_SKY       Right ascension of barycenter (native)          [deg]
#   5 DELTA_SKY       Declination of barycenter (native)              [deg]
#   6 FLUX_ISO        Isophotal flux                                  [count]
#   7 FLUXERR_ISO     RMS error for isophotal flux                    [count]
#   8 MAG_ISO         Isophotal magnitude                             [mag]
#   9 MAGERR_ISO      RMS error for isophotal magnitude               [mag]
#  10 FLUX_RADIUS     Fraction-of-light radii                         [pixel]
#  11 BACKGROUND      Background at centroid position                 [count]
#  12 THETA_IMAGE     Position angle (CCW/x)                          [deg]
#  13 ELONGATION      A_IMAGE/B_IMAGE
#  14 ISO0            Isophotal area at level 0                       [pixel**2]
#  15 A_IMAGE         Profile RMS along major axis                    [pixel]
#  16 FLAGS           Extraction flags
#  17 CLASS_STAR      S/G classifier output
#  18 MAG_AUTO        Kron-like elliptical aperture magnitude         [mag]
#  19 MAGERR_AUTO     RMS error for AUTO magnitude                    [mag]
         1      2.428     27.267   0.0000000  +0.0000000     950.9328     14.56602  17.8106   0.0166      1.706     2.869257 -87.6    1.483      122     2.105  24  0.99  17.8252   0.0167
         2    208.398      6.516   0.0000000  +0.0000000     8.166555     1.449895  22.9759   0.1928      2.632     2.831243 -32.4    1.090       18     1.342  16  0.85  22.3205   0.1680
         3     10.521      2.074   0.0000000  +0.0000000     13.02299     1.790306  22.4692   0.1493      1.952     2.870292  -4.2    1.821       23     1.795  24  0.92  22.3221   0.1464
         4     25.718    196.320   0.0000000  +0.0000000     9.507842      1.54924  22.8108   0.1770      1.594     2.839955 -27.2    1.112       17     1.311   0  0.84  22.6158   0.1705
         5    195.442    188.753   0.0000000  +0.0000000     276.8162     7.923647  19.1505   0.0311      1.772     2.845677 -76.8    1.047      111     1.960   0  0.98  19.1436   0.0310
         6     76.932    189.703   0.0000000  +0.0000000      6.86756      1.33436  23.1640   0.2110      2.637     2.844315 -51.6    1.379       19     1.450   0  0.66  22.4811   0.1894
         7    199.190    161.910   0.0000000  +0.0000000     7.053973     1.349848  23.1349   0.2078      2.362     2.846491 -50.7    1.102       16     1.274   0  0.72  22.5211   0.1848
         8     13.141    163.146   0.0000000  +0.0000000     2.302805    0.7775002  24.3504   0.3667      1.665     2.845943 -46.8    1.244        8     0.839   0  0.49  23.6076   0.3011
         9    135.119    135.319   0.0000000  +0.0000000     233.3304     7.537391  19.3361   0.0351      6.270     2.861568 -21.8    1.207      379     5.192   0  0.01  19.2108   0.0343
        10    154.404     90.625   0.0000000  +0.0000000     38.45379     3.018209  21.2937   0.0852      1.618     2.862239 -64.7    1.044       37     1.573   0  0.98  21.2761   0.0867
        11    218.922     68.912   0.0000000  +0.0000000     5.446148     1.195661  23.4158   0.2384      2.991     2.833662  42.8    1.139       17     1.234   0  0.61  22.4559   0.1834
        12    133.079     37.205   0.0000000  +0.0000000     5.638679     1.214086  23.3781   0.2338      2.578     2.854934 -53.0    1.647       18     1.509   0  0.65  22.6903   0.2075
        13     64.367    237.075   0.0000000  +0.0000000     20.26127     2.223809  21.9893   0.1192      1.703     2.833811 -85.7    1.043       29     1.493   0  0.97  21.8740   0.1188
        14     64.996     22.707   0.0000000  +0.0000000       21.188     2.262841  21.9408   0.1160      1.552     2.866373  61.2    1.115       27     1.476   0  0.97  21.8495   0.1154
        15    243.696     17.988   0.0000000  +0.0000000      2.15707    0.7482669  24.4213   0.3767      2.218     2.828934  89.5    1.093        6     0.744   0  0.49  23.2862   0.2765
        16    209.150    211.261   0.0000000  +0.0000000     16.44323     2.054185  22.2160   0.1357      3.089     2.842189  73.2    1.403       42     2.142   0  0.12  21.8109   0.1263
