#   1 NUMBER          Running object number
#   2 X_IMAGE         Object position along x                         [pixel]
#   3 Y_IMAGE         Object position along y                         [pixel]
#   4 ALPHA_SKY       Right ascension of barycenter (native)          [deg]
#   5 DELTA_SKY       Declination of barycenter (native)              [deg]
#   6 FLUX_ISO        Isophotal flux                                  [count]
#   7 FLUXERR_ISO     RMS error for isophotal flux                    [count]
#   8 MAG_ISO         Isophotal magnitude                             [mag]
#   9 MAGERR_ISO      RMS error for isophotal magnitude               [mag]
#  10 FLUX_RADIUS     Fraction-of-light radii                         [pixel]
#  11 BACKGROUND      Background at centroid position                 [count]
#  12 THETA_IMAGE     Position angle (CCW/x)                          [deg]
#  13 ELONGATION      A_IMAGE/B_IMAGE
#  14 ISO0            Isophotal area at level 0                       [pixel**2]
#  15 A_IMAGE         Profile RMS along major axis                    [pixel]
#  16 FLAGS           Extraction flags
#  17 CLASS_STAR      S/G classifier output
#  18 MAG_AUTO        Kron-like elliptical aperture magnitude         [mag]
#  19 MAGERR_AUTO     RMS error for AUTO magnitude                    [mag]
         1    213.922     11.276   0.0000000  +0.0000000     17.20765      2.09127  22.1667   0.1320      3.134     2.884224  89.7    3.834       44     3.504  24  0.19  21.9894   0.1310
         2     40.904    206.981   0.0000000  +0.0000000     36.54188     3.003763  21.3490   0.0893      3.274     2.874372  48.1    1.224       71     2.292  16  0.15  20.9976   0.0835
         3     90.784    205.762   0.0000000  +0.0000000     11.76332     1.710699  22.5797   0.1579      1.676     2.869517 -69.8    1.064       21     1.315   0  0.90  22.3493   0.1571
         4     93.233    193.182   0.0000000  +0.0000000     10.50805     1.634728  22.7022   0.1689      2.500     2.869194   2.4    1.224       24     1.508   0  0.88  22.1795   0.1574
         5      7.504    190.234   0.0000000  +0.0000000     109.1008     5.012625  20.1614   0.0499      1.734     2.877639 -41.4    1.065       70     1.807  16  0.98  20.1360   0.0497
         6    103.789    180.693   0.0000000  +0.0000000     19.87306     2.266977  22.0103   0.1239      5.285     2.868987  38.4    1.262       46     2.100   0  0.19  21.1540   0.0995
         7    134.035    178.025   0.0000000  +0.0000000     7.877954      1.41235  23.0150   0.1947      1.674     2.870359  -1.8    1.062       17     1.185   0  0.80  22.7324   0.1965
         8     39.494    178.230   0.0000000  +0.0000000     20.38823     2.268769  21.9826   0.1208      2.948     2.874537 -46.8    1.374       48     2.141   0  0.01  21.6554   0.1160
         9     72.004    161.007   0.0000000  +0.0000000      2.89658    0.8652633  24.1013   0.3244      2.370     2.871072  13.2    1.008        9     0.796   0  0.52  23.1120   0.2501
        10      2.016    132.212   0.0000000  +0.0000000     14.61092     1.873524  22.3443   0.1393      1.395     2.875861  89.5    1.598       19     1.469  24  0.94  22.3219   0.1434
        11    157.271    115.357   0.0000000  +0.0000000     21.35215      2.28682  21.9324   0.1163      1.804     2.875329 -63.5    1.092       34     1.574   0  0.97  21.7961   0.1154
        12    109.144    108.440   0.0000000  +0.0000000     287.6059     8.271594  19.1090   0.0312      5.439      2.87174   2.9    2.384      356     6.440   0  0.03  18.9827   0.0305
        13    169.363    102.456   0.0000000  +0.0000000     4.929511     1.127285  23.5240   0.2483      1.740     2.876409 -33.1    1.442       14     1.234   0  0.60  23.2094   0.2600
        14     47.173    100.874   0.0000000  +0.0000000     3.651939    0.9694613  23.8497   0.2883      1.958     2.872139  37.4    1.011       11     0.895   0  0.69  23.0866   0.2537
        15     40.444     95.003   0.0000000  +0.0000000     6.051108     1.279892  23.3014   0.2297      4.255      2.87216 -17.7    1.454       23     1.674   0  0.03  22.0679   0.1641
        16     31.992     78.204   0.0000000  +0.0000000     60.76744     3.767648  20.7968   0.0673      1.616      2.87229 -34.8    1.060       50     1.676   0  0.98  20.7481   0.0668
        17     83.710     32.011   0.0000000  +0.0000000     2.056587    0.7340863  24.4731   0.3876      1.718     2.872292 -82.7    1.081        7     0.740   0  0.49  23.5776   0.2782
